pnameid nameid data-val data-valid name
0 11932 523 523 鞍山
0 11932 1096 1096 安阳
0 11932 3251 3251 安庆
0 11932 3157 3157 安康
0 11932 9399 9399 澳门
0 11932 9499 9499 阿克苏
0 11932 9539 9539 阿拉尔
0 11932 9678 9678 阿里
0 11932 9817 9817 阿坝
0 11932 10083 10083 阿拉善盟
0 11932 7468 7468 安顺
0 11932 18837 18837 阿勒泰
0 11932 836 836 安吉
0 11932 6806 6806 安岳
0 11932 1 1 北京
0 11932 424 424 保定
0 11932 801 801 包头
0 11932 944 944 滨州
0 11932 2044 2044 宝鸡
0 11932 3470 3470 蚌埠
0 11932 5845 5845 本溪
0 11932 5918 5918 白城
0 11932 2329 2329 亳州
0 11932 2390 2390 保山
0 11932 9530 9530 巴音郭楞
0 11932 9529 9529 博尔塔拉
0 11932 9811 9811 巴中
0 11932 10070 10070 巴彦淖尔市
0 11932 10179 10179 白山
0 11932 10304 10304 白银
0 11932 10513 10513 百色
0 11932 10536 10536 北海
0 11932 10564 10564 毕节
0 11932 10380 10380 白沙
0 11932 10367 10367 保亭
0 11932 726 726 博罗
0 11932 14486 14486 宝应县
0 11932 102 102 成都
0 11932 414 414 长沙
0 11932 37 37 重庆
0 11932 319 319 长春
0 11932 463 463 常州
0 11932 652 652 沧州
0 11932 872 872 常德
0 11932 5695 5695 郴州
0 11932 6700 6700 赤峰
0 11932 6760 6760 承德
0 11932 6921 6921 长治
0 11932 2393 2393 楚雄
0 11932 8582 8582 昌吉
0 11932 9344 9344 长葛
0 11932 9648 9648 昌都
0 11932 10106 10106 朝阳
0 11932 10229 10229 巢湖
0 11932 10260 10260 池州
0 11932 10266 10266 滁州
0 11932 10461 10461 潮州
0 11932 10524 10524 崇左
0 11932 10331 10331 澄迈
0 11932 5334 5334 慈溪
0 11932 834 834 长兴
0 11932 7576 7576 苍南
0 11932 5638 5638 曹县
0 11932 5936 5936 长垣
0 11932 413 413 东莞
0 11932 147 147 大连
0 11932 728 728 德州
0 11932 623 623 东营
0 11932 375 375 大庆
0 11932 3445 3445 丹东
0 11932 6964 6964 大同
0 11932 2398 2398 大理
0 11932 8398 8398 定州
0 11932 2373 2373 德阳
0 11932 9432 9432 迪庆
0 11932 9437 9437 德宏
0 11932 9799 9799 达州
0 11932 10322 10322 定西
0 11932 9878 9878 大兴安岭
0 11932 11279 11279 大丰
0 11932 10303 10303 定安
0 11932 2147 2147 东海
0 11932 615 615 东台
0 11932 835 835 德清
0 11932 648 648 丹阳
0 11932 10394 10394 儋州
0 11932 536 536 东阳
0 11932 2037 2037 鄂尔多斯
0 11932 2302 2302 恩施
0 11932 9709 9709 鄂州
0 11932 304 304 福州
0 11932 222 222 佛山
0 11932 5722 5722 抚顺
0 11932 2325 2325 阜阳
0 11932 10097 10097 阜新
0 11932 10134 10134 抚州
0 11932 10539 10539 防城港
0 11932 690 690 肥城
0 11932 3 3 广州
0 11932 2015 2015 贵阳
0 11932 1039 1039 桂林
0 11932 6770 6770 贵港
0 11932 2421 2421 固原
0 11932 2363 2363 赣州
0 11932 8706 8706 馆陶
0 11932 2381 2381 广安
0 11932 9749 9749 广元
0 11932 9764 9764 甘孜
0 11932 9936 9936 果洛
0 11932 10343 10343 甘南0 11932 371 371 高密0 11932 10175 10175 公主岭0 11932 2150 2150 灌南0 11932 2148 2148 灌云0 11932 8735 8735 广汉0 11932 627 627 广饶0 11932 79 79 杭州0 11932 202 202 哈尔滨0 11932 2053 2053 海口0 11932 837 837 合肥0 11932 811 811 呼和浩特0 11932 722 722 惠州0 11932 914 914 衡阳0 11932 572 572 邯郸0 11932 831 831 湖州0 11932 993 993 衡水0 11932 3163 3163 汉中0 11932 968 968 淮安0 11932 1734 1734 黄石0 11932 2043 2043 海拉尔0 11932 5632 5632 菏泽0 11932 5756 5756 怀化0 11932 2299 2299 黄冈0 11932 2340 2340 河池0 11932 7452 7452 哈密0 11932 2394 2394 红河0 11932 9061 9061 鹤岗0 11932 2344 2344 鹤壁0 11932 2319 2319 淮南0 11932 9357 9357 淮北0 11932 2323 2323 黄山0 11932 9489 9489 和田0 11932 9896 9896 黄南0 11932 9902 9902 海西0 11932 10574 10574 海南0 11932 9909 9909 海东0 11932 9917 9917 海北0 11932 10039 10039 呼伦贝尔0 11932 10088 10088 葫芦岛0 11932 10467 10467 河源0 11932 10549 10549 贺州0 11932 9862 9862 黑河0 11932 10892 10892 和县0 11932 11226 11226 霍邱0 11932 725 725 惠东0 11932 399 399 海门0 11932 500 500 海宁0 11932 401 401 海安0 11932 9459 9459 海丰0 11932 3439 3439 汉川0 11932 7335 7335 桓台0 11932 265 265 济南0 11932 450 450 济宁0 11932 497 497 嘉兴0 11932 629 629 江门0 11932 531 531 金华0 11932 700 700 吉林0 11932 927 927 揭阳0 11932 2247 2247 九江0 11932 3266 3266 焦作0 11932 3350 3350 晋城0 11932 3479 3479 荆州0 11932 6776 6776 佳木斯0 11932 7289 7289 鸡西0 11932 2364 2364 吉安0 11932 7428 7428 金昌0 11932 8854 8854 晋中0 11932 2354 2354 锦州0 11932 2360 2360 景德镇0 11932 2296 2296 荆门0 11932 10362 10362 嘉峪关0 11932 10387 10387 酒泉0 11932 9918 9918 济源0 11932 297 297 晋江0 11932 698 698 靖江0 11932 618 618 建湖0 11932 14357 14357 嘉善0 11932 6805 6805 简阳0 11932 697 697 姜堰0 11932 468 468 金坛0 11932 3180 3180 莒县0 11932 541 541 昆明0 11932 2042 2042 克拉玛依0 11932 2342 2342 开封0 11932 9326 9326 喀什0 11932 9519 9519 克孜勒苏0 11932 11313 11313 垦利0 11932 16 16 昆山0 11932 952 952 兰州0 11932 556 556 洛阳0 11932 772 772 廊坊0 11932 505 505 临沂0 11932 882 882 聊城0 11932 2049 2049 连云港0 11932 3222 3222 吕梁0 11932 3237 3237 乐山0 11932 2038 2038 辽阳0 11932 2501 2501 辽源0 11932 2055 2055 拉萨0 11932 5669 5669 临汾0 11932 6752 6752 龙岩0 11932 7112 7112 临夏0 11932 7133 7133 柳州0 11932 2347 2347 漯河0 11932 2372 2372 泸州0 11932 7921 7921 丽水0 11932 2392 2392 丽江0 11932 2328 2328 六安0 11932 2292 2292 莱芜0 11932 9193 9193 临猗0 11932 9422 9422 临沧0 11932 9646 9646 林芝0 11932 9717 9717 凉山0 11932 9481 9481 娄底0 11932 10415 10415 陇南0 11932 10552 10552 来宾0 11932 10506 10506 六盘水0 11932 10184 10184 陵水0 11932 469 469 溧阳0 11932 233 233 龙口0 11932 235 235 莱州0 11932 9070 9070 乐平0 11932 1091 1091 醴陵0 11932 407 407 临海0 11932 9321 9321 灵宝0 11932 713 713 龙海0 11932 1057 1057 绵阳0 11932 679 679 茂名0 11932 2039 2039 马鞍山0 11932 3489 3489 牡丹江0 11932 8541 8541 明港0 11932 9389 9389 梅州0 11932 9704 9704 眉山0 11932 172 172 南京0 11932 669 669 南昌0 11932 135 135 宁波0 11932 845 845 南宁0 11932 592 592 南阳0 11932 394 394 南通0 11932 5928 5928 内江0 11932 7951 7951 宁德0 11932 2378 2378 南充0 11932 9462 9462 怒江0 11932 9618 9618 那曲0 11932 10291 10291 南平0 11932 5645 5645 宁国0 11932 293 293 南安0 11932 1005 1005 平顶山0 11932 2041 2041 盘锦0 11932 2248 2248 萍乡0 11932 7154 7154 平凉0 11932 2346 2346 濮阳0 11932 2371 2371 攀枝花0 11932 2429 2429 莆田0 11932 9444 9444 普洱0 11932 477 477 邳州0 11932 11349 11349 沛县0 11932 237 237 蓬莱0 11932 122 122 青岛0 11932 291 291 泉州0 11932 1078 1078 秦皇岛0 11932 2258 2258 其他0 11932 5853 5853 齐齐哈尔0 11932 6793 6793 衢州0 11932 7303 7303 清远0 11932 2335 2335 钦州0 11932 2389 2389 曲靖0 11932 9363 9363 黔东南0 11932 10475 10475 庆阳0 11932 10492 10492 黔南0 11932 10434 10434 黔西南0 11932 9848 9848 七台河0 11932 9669 9669 潜江0 11932 10908 10908 清徐0 11932 10136 10136 琼海0 11932 10064 10064 琼中0 11932 400 400 启东0 11932 7389 7389 杞县0 11932 284 284 迁安市0 11932 367 367 青州0 11932 3177 3177 日照0 11932 9615 9615 日喀则0 11932 13951 13951 瑞安0 11932 397 397 如皋0 11932 402 402 如东0 11932 7624 7624 仁怀0 11932 9706 9706 仁寿0 11932 656 656 任丘0 11932 522 522 荣成0 11932 1010 1010 汝州0 11932 520 520 乳山0 11932 2 2 上海0 11932 4 4 深圳0 11932 5 5 苏州0 11932 188 188 沈阳0 11932 241 241 石家庄0 11932 783 783 汕头0 11932 3359 3359 宿州0 11932 355 355 绍兴0 11932 2032 2032 十堰0 11932 2048 2048 三明0 11932 2192 2192 韶关0 11932 1029 1029 商丘0 11932 5772 5772 沭阳0 11932 2350 2350 宿迁0 11932 6718 6718 绥化0 11932 2303 2303 邵阳0 11932 2422 2422 三亚0 11932 8716 8716 顺德0 11932 2315 2315 松原0 11932 9317 9317 三门峡0 11932 9449 9449 汕尾0 11932 9656 9656 随州0 11932 9551 9551 石河子0 11932 9576 9576 山南0 11932 9688 9688 遂宁0 11932 9854 9854 商洛0 11932 9871 9871 朔州0 11932 9971 9971 石嘴山0 11932 10120 10120 上饶0 11932 10171 10171 四平0 11932 9837 9837 双鸭山0 11932 9605 9605 神农架0 11932 13722 13722 三沙0 11932 369 369 寿光0 11932 296 296 石狮0 11932 5636 5636 单县0 11932 776 776 三河0 11932 5944 5944 神木0 11932 5958 5958 泗洪0 11932 5959 5959 泗阳0 11932 18 18 天津0 11932 740 740 太原0 11932 276 276 唐山0 11932 686 686 泰安0 11932 403 403 台州0 11932 693 693 泰州0 11932 2051 2051 台湾0 11932 6729 6729 铁岭0 11932 8601 8601 天水0 11932 9475 9475 吐鲁番0 11932 9559 9559 图木舒克0 11932 9832 9832 铜川0 11932 10015 10015 通辽0 11932 10159 10159 通化0 11932 10285 10285 铜陵0 11932 10417 10417 铜仁0 11932 9517 9517 天门0 11932 11263 11263 台山0 11932 11296 11296 桐城0 11932 18845 18845 塔城0 11932 10044 10044 屯昌0 11932 502 502 桐乡0 11932 10273 10273 天长0 11932 696 696 泰兴0 11932 967 967 滕州0 11932 158 158 武汉0 11932 93 93 无锡0 11932 362 362 潍坊0 11932 984 984 乌鲁木齐0 11932 330 330 温州0 11932 518 518 威海0 11932 2045 2045 芜湖0 11932 2046 2046 梧州0 11932 3279 3279 瓦房店0 11932 5733 5733 渭南0 11932 2395 2395 文山0 11932 2404 2404 乌海0 11932 9562 9562 五家渠0 11932 9962 9962 吴忠0 11932 9993 9993 乌兰察布0 11932 10448 10448 武威0 11932 9952 9952 五指山0 11932 10761 10761 武夷山0 11932 10022 10022 万宁0 11932 9984 9984 文昌0 11932 408 408 温岭0 11932 577 577 武安0 11932 483 483 西安0 11932 606 606 厦门0 11932 471 471 徐州0 11932 2047 2047 湘潭0 11932 891 891 襄阳0 11932 1016 1016 新乡0 11932 751 751 邢台0 11932 3434 3434 孝感0 11932 2052 2052 西宁0 11932 977 977 许昌0 11932 2050 2050 香港0 11932 3453 3453 忻州0 11932 5633 5633 宣城0 11932 2397 2397 西双版纳0 11932 2408 2408 锡林郭勒0 11932 7453 7453 咸阳0 11932 8694 8694 信阳0 11932 9976 9976 兴安盟0 11932 10115 10115 新余0 11932 10219 10219 湘西0 11932 9736 9736 仙桃0 11932 9617 9617 咸宁0 11932 6738 6738 象山0 11932 699 699 兴化0 11932 478 478 新沂0 11932 935 935 项城0 11932 689 689 新泰0 11932 26048 26048 雄安新区0 11932 228 228 烟台0 11932 8973 8973 延安0 11932 637 637 扬州0 11932 858 858 宜昌0 11932 613 613 盐城0 11932 821 821 岳阳0 11932 2054 2054 银川0 11932 3184 3184 延边0 11932 3209 3209 鹰潭0 11932 2040 2040 玉溪0 11932 5653 5653 运城0 11932 5709 5709 宜春0 11932 5898 5898 营口0 11932 5942 5942 榆林0 11932 2380 2380 宜宾0 11932 2307 2307 永州0 11932 2284 2284 阳江0 11932 8566 8566 阳春0 11932 8760 8760 阳泉0 11932 979 979 禹州0 11932 9123 9123 鄢陵0 11932 2337 2337 玉林0 11932 9472 9472 伊犁0 11932 9687 9687 雅安0 11932 9888 9888 玉树0 11932 10198 10198 益阳0 11932 10485 10485 云浮0 11932 9773 9773 伊春0 11932 11077 11077 永新0 11932 12291 12291 义乌0 11932 13950 13950 乐清0 11932 5333 5333 余姚0 11932 864 864 宜都0 11932 649 649 扬中0 11932 7121 7121 偃师0 11932 12804 12804 燕郊0 11932 537 537 永康0 11932 409 409 玉环0 11932 342 342 郑州0 11932 910 910 珠海0 11932 3328 3328 张家口0 11932 771 771 中山0 11932 385 385 淄博0 11932 1086 1086 株洲0 11932 710 710 漳州0 11932 791 791 湛江0 11932 901 901 肇庆0 11932 961 961 枣庄0 11932 645 645 镇江0 11932 933 933 周口0 11932 3198 3198 正定0 11932 1067 1067 驻马店0 11932 6745 6745 自贡0 11932 6788 6788 张家界0 11932 6803 6803 资阳0 11932 7620 7620 遵义0 11932 8481 8481 舟山0 11932 8680 8680 章丘0 11932 9048 9048 赵县0 11932 9146 9146 诸城0 11932 9409 9409 昭通0 11932 9951 9951 中卫0 11932 10454 10454 张掖0 11932 11201 11201 张北0 11932 3306 3306 庄河0 11932 357 357 诸暨0 11932 896 896 枣阳0 11932 3325 3325 招远0 11932 428 428 涿州0 11932 455 455 邹城
0 11932 946 946 邹平